777727701177777777777777777777777777777777777777777777777777777
777727701177777777777777777777777777777777777777777777777777777
777727701177777777777777777777777777777777777777777777777777777
777777701177777777777777777777777777777777777777777777777777777
777777701177777777777777777777777777777777777777777777777777777
777777701177777777777777777777777777777777777777777777777777777
777777701177777777777777777777777777777777777777777777777777777
777777701177777777777777777777777777777777777777777777777777777
777777701177777777777777777777777777777777777777777777777777777
777777701177777777777777777777777777777777777777777777777777777
777777701177777777777777777777777777777777777777777777777777777
777777701177777777777777777777777777777777777777777777777777777
777777701177777777777777777777777777777777777777777777777777777
777777701177777777777777777777777777777777777777777777777777777
777777701177777777777777777777777777777777777777777777777777777
777777701177777777777777777777777777777777777777777777777777777
777777701177777777777777777777777777777777777777777777777777777
777777701177777777777777777777777777777777777777777777777777777
777777701177777777777777777777777777777777777777777777777777777
777777701177777777777777777777777777777777777777777777777777777
777777701177777777777777777777777777777777777777777777777777777
777777701177777777777777777777777777777777777777777777777777777
777777701177777777777777777777777777777777777777777777777777777
777777701177777777777777777777777777777777777777777777777777777
777777701177777777777777777777777777777777777777777777777777777
777777701177777777777777777777777777777777777777777777777777777
777777701177777777777777777777777777777777777777777777777777777
777777701177777777777777777777777777777777777777777777777777777
777777701177777777777777777777777777777777777777777777777777777
777777701177777777777777777777777777777777777777777777777777777
777777701177777777777777777777777777777777777777777777777777777
777777701177777777777777777777777777777777777777777777777777777
777777701177777777777777777777777777777777777777777777777777777
777777701177777777777777777777777777777777777777777777777777777
777777701177777777777777777777777777777777777777777777777777777
777777701177777777777777777777777777777777777777777777777777777
777777701177777777777777777777777777777777777777777777777777777
777777701177777777777777777777777777777777777777777777777777777
777777701177777777777777777777777777777777777777777777777777777
777777701177777777777777777777777777777777777777777777777777777
777777701177777777777777777777777777777777777777777777777777777
777777701177777777777777777777777777777777777777777777777777777
777777701177777777777777777777777777777777777777777777777777777
777777701177777777777777777777777777777777777777777777777777777
777777701177777777777777777777777777777777777777777777777777777
777777701177777777777777777777777777777777777777777777777777777
777777701177777777777777777777777777777777777777777777777777777
777777701177777777777777777777777777777777777777777777777777777
777777701177777777777777777777777777777777777777777777777777777
777777701177777777777777777777777777777777777777777777777777777
777777701177777777777777777777777777777777777777777777777777777
777777701177777777777777777777777777777777777777777777777777777
777777701177777777777777777777777777777777777777777777777777777
777777701177777777777777777777777777777777777777777777777777777
777777701177777777777777777777777777777777777777777777777777777
777777701177777777777777777777777777777777777777777777777777777
777777701177777777777777777777777777777777777777777777777777777
777777701177777777777777777777777777777777777777777777777777777
777777701177777777777777777777777777777777777777777777777777777
777777701177777777777777777777777777777777777777777777777777777
777777701177777777777777777777777777777777777777777777777777777
777777701177777777777777777777777777777777777777777777777777777
777777701177777777777777777777777777777777777777777777777777777
777777701177777777777777777777777777777777777777777777777777777
